{
  "nbformat": 4,
  "nbformat_minor": 0,
  "metadata": {
    "colab": {
      "name": "Lecture_9_exercise.ipynb",
      "provenance": [],
      "collapsed_sections": [],
      "include_colab_link": true
    },
    "kernelspec": {
      "name": "python3",
      "display_name": "Python 3"
    }
  },
  "cells": [
    {
      "cell_type": "markdown",
      "metadata": {
        "id": "view-in-github",
        "colab_type": "text"
      },
      "source": [
        "<a href=\"https://colab.research.google.com/github/chiwangchic/hello-world/blob/master/Lecture_9_Classification%20and%20confusion%20matrix.ipynb\" target=\"_parent\"><img src=\"https://colab.research.google.com/assets/colab-badge.svg\" alt=\"Open In Colab\"/></a>"
      ]
    },
    {
      "cell_type": "markdown",
      "metadata": {
        "id": "ijVngM-6rGRq",
        "colab_type": "text"
      },
      "source": [
        "Today we are going to focus on computing accuracy metrics for a given machine learning model. "
      ]
    },
    {
      "cell_type": "code",
      "metadata": {
        "id": "CjAc4WHirSac",
        "colab_type": "code",
        "colab": {
          "base_uri": "https://localhost:8080/",
          "height": 746
        },
        "outputId": "8150d531-d062-4ef9-e544-fc4f75f69cf9"
      },
      "source": [
        "#Load the data\n",
        "# roc curve and auc\n",
        "from sklearn.datasets import make_classification\n",
        "from sklearn.neighbors import KNeighborsClassifier\n",
        "from sklearn.model_selection import train_test_split\n",
        "from sklearn.metrics import roc_curve\n",
        "from sklearn.metrics import roc_auc_score\n",
        "from matplotlib import pyplot\n",
        "import numpy as np\n",
        "# generate 2 class dataset\n",
        "X, y = make_classification(n_samples=10, n_classes=2, weights=[1,1], random_state=1)\n",
        "\n",
        "print(X)\n",
        "print(y)"
      ],
      "execution_count": 1,
      "outputs": [
        {
          "output_type": "stream",
          "text": [
            "[[-0.10015523 -0.51709446  0.61838026  0.44136444 -0.99702683 -2.43483776\n",
            "   2.45596191  0.01740941  1.02130149 -0.11905419 -1.61188549 -1.12201873\n",
            "   0.68255141  0.07782113 -0.13644474 -3.16768815  0.23249456  2.18697965\n",
            "   1.0388246  -0.31011677]\n",
            " [ 0.0465673   0.52946532 -0.60392063  0.80186103  0.13770121 -0.62353073\n",
            "   0.64985124  0.86888616  0.64808014 -0.10174587 -0.68476378  0.75041164\n",
            "   0.5505375  -0.1809203  -0.18656977 -1.06487417 -1.23005814 -1.14434139\n",
            "   0.52057634  0.79280687]\n",
            " [ 0.18515642 -0.34385368  0.41005165  1.19891788  0.04359686  0.37756379\n",
            "   1.83241247  0.42349435 -2.15321974 -0.63873041  0.78992294  0.07734007\n",
            "   0.11900865  0.18656139 -0.37528495 -0.61435269  0.19829972  1.12948391\n",
            "   0.12182127 -0.67066229]\n",
            " [ 0.88514116  0.48851815 -0.35224985  0.28558733 -0.07557171  0.58662319\n",
            "   2.41932059  0.51292982 -1.52320683  1.25286816  0.14092825 -0.29809284\n",
            "  -0.34934272  0.30017032 -0.75439794 -1.60290743 -1.1425182   0.93110208\n",
            "   0.83898341 -0.20889423]\n",
            " [-0.9537006   0.84616065  0.69803203  0.74055645 -0.85951594  0.59357852\n",
            "   1.67387756 -1.37311732 -1.28460691  0.03261455  0.2552113   0.31515939\n",
            "   1.2245077  -0.62000084 -0.26621851 -0.97058301 -0.44712856  0.16938243\n",
            "  -1.09491185  0.40349164]\n",
            " [ 1.6924546   0.12015895 -0.0126646  -0.74715829  0.61720311  0.74204416\n",
            "   1.73994406  0.19091548 -2.00875146 -0.63699565  0.72558433  2.10025514\n",
            "   0.2344157  -0.67124613  0.05080775 -0.60483688 -1.11731035 -0.88762896\n",
            "  -0.19183555  1.65980218]\n",
            " [ 0.24073709  1.90465871 -0.3198016   0.5627611   1.1110567   1.29322588\n",
            "  -0.30315746  1.16033857  1.3103885  -0.0731127  -0.78285518  0.36949272\n",
            "   0.31354772  0.68006984  0.28066508 -0.47083835 -1.27255876 -0.61736206\n",
            "  -0.11044703  0.50318481]\n",
            " [ 1.96710175 -1.19926803 -1.31228341  1.27375593  0.86334532  0.40890054\n",
            "   3.84266872  1.62765075  0.70896364  1.23616403 -1.91437196  0.3380117\n",
            "  -1.61577235  0.35054598 -1.85798186 -4.42287433 -0.03869551 -0.77516162\n",
            "  -0.02461696  1.12141771]\n",
            " [ 0.90148689  1.33145711 -0.29664115 -0.64691669 -0.28730786  0.2135339\n",
            "   1.35093611  0.04366899  0.47802751 -0.24863478 -0.82939421 -0.22631424\n",
            "  -0.17470316  0.24879916  2.52832571 -1.69218027  0.49521132 -1.89636092\n",
            "   2.19069973  0.98633519]\n",
            " [-2.02220122 -0.22232814  1.51981682  0.31563495 -0.20075807 -0.50446586\n",
            "   3.11651775  0.23009474 -2.85961623  0.82797464  0.79495321  0.76201118\n",
            "  -1.39649634  1.13162939 -0.30620401 -1.52637437  2.18557541  0.87616892\n",
            "   0.16003707 -1.44411381]]\n",
            "[1 1 0 0 0 0 1 1 1 0]\n"
          ],
          "name": "stdout"
        }
      ]
    },
    {
      "cell_type": "code",
      "metadata": {
        "id": "8FY76XE-1cmh",
        "colab_type": "code",
        "colab": {
          "base_uri": "https://localhost:8080/",
          "height": 764
        },
        "outputId": "a8c2a14a-f5cd-4890-8313-1dc1e575eb77"
      },
      "source": [
        "#X, y = np.arange(10).reshape((5, 2)), range(5)\n",
        "X_train, X_test, y_train, y_test = train_test_split(X, y, test_size=0.33, random_state=42)\n",
        "#If int, random_state is the seed used by the random number generator\n",
        "print(X_train)\n",
        "print(X_test)\n",
        "print(y_train)\n",
        "print(y_test)"
      ],
      "execution_count": 2,
      "outputs": [
        {
          "output_type": "stream",
          "text": [
            "[[ 1.96710175 -1.19926803 -1.31228341  1.27375593  0.86334532  0.40890054\n",
            "   3.84266872  1.62765075  0.70896364  1.23616403 -1.91437196  0.3380117\n",
            "  -1.61577235  0.35054598 -1.85798186 -4.42287433 -0.03869551 -0.77516162\n",
            "  -0.02461696  1.12141771]\n",
            " [ 0.18515642 -0.34385368  0.41005165  1.19891788  0.04359686  0.37756379\n",
            "   1.83241247  0.42349435 -2.15321974 -0.63873041  0.78992294  0.07734007\n",
            "   0.11900865  0.18656139 -0.37528495 -0.61435269  0.19829972  1.12948391\n",
            "   0.12182127 -0.67066229]\n",
            " [-2.02220122 -0.22232814  1.51981682  0.31563495 -0.20075807 -0.50446586\n",
            "   3.11651775  0.23009474 -2.85961623  0.82797464  0.79495321  0.76201118\n",
            "  -1.39649634  1.13162939 -0.30620401 -1.52637437  2.18557541  0.87616892\n",
            "   0.16003707 -1.44411381]\n",
            " [-0.9537006   0.84616065  0.69803203  0.74055645 -0.85951594  0.59357852\n",
            "   1.67387756 -1.37311732 -1.28460691  0.03261455  0.2552113   0.31515939\n",
            "   1.2245077  -0.62000084 -0.26621851 -0.97058301 -0.44712856  0.16938243\n",
            "  -1.09491185  0.40349164]\n",
            " [ 0.88514116  0.48851815 -0.35224985  0.28558733 -0.07557171  0.58662319\n",
            "   2.41932059  0.51292982 -1.52320683  1.25286816  0.14092825 -0.29809284\n",
            "  -0.34934272  0.30017032 -0.75439794 -1.60290743 -1.1425182   0.93110208\n",
            "   0.83898341 -0.20889423]\n",
            " [ 0.24073709  1.90465871 -0.3198016   0.5627611   1.1110567   1.29322588\n",
            "  -0.30315746  1.16033857  1.3103885  -0.0731127  -0.78285518  0.36949272\n",
            "   0.31354772  0.68006984  0.28066508 -0.47083835 -1.27255876 -0.61736206\n",
            "  -0.11044703  0.50318481]]\n",
            "[[ 0.90148689  1.33145711 -0.29664115 -0.64691669 -0.28730786  0.2135339\n",
            "   1.35093611  0.04366899  0.47802751 -0.24863478 -0.82939421 -0.22631424\n",
            "  -0.17470316  0.24879916  2.52832571 -1.69218027  0.49521132 -1.89636092\n",
            "   2.19069973  0.98633519]\n",
            " [ 0.0465673   0.52946532 -0.60392063  0.80186103  0.13770121 -0.62353073\n",
            "   0.64985124  0.86888616  0.64808014 -0.10174587 -0.68476378  0.75041164\n",
            "   0.5505375  -0.1809203  -0.18656977 -1.06487417 -1.23005814 -1.14434139\n",
            "   0.52057634  0.79280687]\n",
            " [ 1.6924546   0.12015895 -0.0126646  -0.74715829  0.61720311  0.74204416\n",
            "   1.73994406  0.19091548 -2.00875146 -0.63699565  0.72558433  2.10025514\n",
            "   0.2344157  -0.67124613  0.05080775 -0.60483688 -1.11731035 -0.88762896\n",
            "  -0.19183555  1.65980218]\n",
            " [-0.10015523 -0.51709446  0.61838026  0.44136444 -0.99702683 -2.43483776\n",
            "   2.45596191  0.01740941  1.02130149 -0.11905419 -1.61188549 -1.12201873\n",
            "   0.68255141  0.07782113 -0.13644474 -3.16768815  0.23249456  2.18697965\n",
            "   1.0388246  -0.31011677]]\n",
            "[1 0 0 0 0 1]\n",
            "[1 1 0 1]\n"
          ],
          "name": "stdout"
        }
      ]
    },
    {
      "cell_type": "code",
      "metadata": {
        "id": "o7jz4nr7yo9M",
        "colab_type": "code",
        "colab": {
          "base_uri": "https://localhost:8080/",
          "height": 88
        },
        "outputId": "d24180ea-d815-496c-8eab-12d05ffaf6d7"
      },
      "source": [
        "# split into train/test sets\n",
        "trainX, testX, trainy, testy = train_test_split(X, y, test_size=0.5, random_state=2)\n",
        "\n",
        "print(len(trainX))\n",
        "print(len(testX))\n",
        "print(len(trainy))\n",
        "print(len(testy))\n"
      ],
      "execution_count": 3,
      "outputs": [
        {
          "output_type": "stream",
          "text": [
            "5\n",
            "5\n",
            "5\n",
            "5\n"
          ],
          "name": "stdout"
        }
      ]
    },
    {
      "cell_type": "code",
      "metadata": {
        "id": "MzfNCtfpzpzo",
        "colab_type": "code",
        "colab": {
          "base_uri": "https://localhost:8080/",
          "height": 124
        },
        "outputId": "c08697ae-f66a-4f95-932e-f06cfd2967de"
      },
      "source": [
        "# fit a KNN model\n",
        "model = KNeighborsClassifier(n_neighbors=3)\n",
        "model.fit(trainX, trainy)\n",
        "\n",
        "# predict probabilities\n",
        "probs = model.predict_proba(testX)\n",
        "#probs = model.predict(testX)\n",
        "print(len(probs))\n",
        "print(probs)\n",
        "# keep probabilities for the positive outcome only\n",
        "probs = probs[:, 1]\n",
        "#print(len(probs))\n",
        "#print(probs)"
      ],
      "execution_count": 4,
      "outputs": [
        {
          "output_type": "stream",
          "text": [
            "5\n",
            "[[0.66666667 0.33333333]\n",
            " [0.33333333 0.66666667]\n",
            " [0.66666667 0.33333333]\n",
            " [0.66666667 0.33333333]\n",
            " [0.66666667 0.33333333]]\n"
          ],
          "name": "stdout"
        }
      ]
    },
    {
      "cell_type": "code",
      "metadata": {
        "id": "a1ZgMFCxrcYn",
        "colab_type": "code",
        "outputId": "d639bef2-fc35-4bc8-d141-b19a95dae98b",
        "colab": {
          "base_uri": "https://localhost:8080/",
          "height": 35
        }
      },
      "source": [
        "# calculate AUC\n",
        "auc = roc_auc_score(testy, probs)\n",
        "print('AUC: %.3f' % auc)\n",
        "# calculate roc curve\n",
        "fpr, tpr, thresholds = roc_curve(testy, probs)"
      ],
      "execution_count": 5,
      "outputs": [
        {
          "output_type": "stream",
          "text": [
            "AUC: 0.667\n"
          ],
          "name": "stdout"
        }
      ]
    },
    {
      "cell_type": "code",
      "metadata": {
        "id": "eCY-6brgz_-r",
        "colab_type": "code",
        "outputId": "edb8233d-7cb5-4f4c-ba17-7c14ed878d57",
        "colab": {
          "base_uri": "https://localhost:8080/",
          "height": 269
        }
      },
      "source": [
        "# plot an ROC curve\n",
        "pyplot.plot([0, 1], [0, 1], linestyle='--')\n",
        "# plot the roc curve for the model\n",
        "pyplot.plot(fpr, tpr, marker='.')\n",
        "# show the plot\n",
        "pyplot.show()"
      ],
      "execution_count": 6,
      "outputs": [
        {
          "output_type": "display_data",
          "data": {
            "image/png": "iVBORw0KGgoAAAANSUhEUgAAAXcAAAD8CAYAAACMwORRAAAABHNCSVQICAgIfAhkiAAAAAlwSFlz\nAAALEgAACxIB0t1+/AAAADl0RVh0U29mdHdhcmUAbWF0cGxvdGxpYiB2ZXJzaW9uIDMuMC4zLCBo\ndHRwOi8vbWF0cGxvdGxpYi5vcmcvnQurowAAIABJREFUeJzt3Xl4FeX9/vH3k4QACSEQEvaEsIew\nyBISQEU2EVSg4lLcbW1Rq9/2136r4FqrtbW2attvLYKIW+uKqCi41aqgsoUthLCvIexbgISs5/n9\nMcGmFMkBzjlzlvt1XV7mJEPOZwzcDjPP3GOstYiISHiJcnsAERHxPYW7iEgYUriLiIQhhbuISBhS\nuIuIhCGFu4hIGFK4i4iEIYW7iEgYUriLiIShGLfeODk52aanp7v19iIiIWnp0qX7rbUpdW3nWrin\np6eTm5vr1tuLiIQkY8w2b7bTaRkRkTCkcBcRCUMKdxGRMKRwFxEJQwp3EZEwVGe4G2NmGGP2GmPy\nv+PrxhjzF2PMRmNMnjGmr+/HFBGRM+HNkfuLwKjTfH000Lnmn4nAlHMfS0QkTBUuhvlPOv/2ozrX\nuVtr5xlj0k+zyTjgZes8r2+hMaaJMaaVtXaXj2YUEQkL5fnvEzvrFoz1QHR9uHk2pGb75b18cc69\nDVBY6/WOms/9F2PMRGNMrjEmd9++fT54axGRELBjKftevJGYmTeCpwqsB6orYOt8v71lQC+oWmun\nWWuzrLVZKSl13j0rIhK6qith1Uyqpg2H6cNosOVTvogehI2uDyYaomMh/UK/vb0v6geKgNRar9vW\nfE5EJPKU7IelL8CS5+HoLnZHtWJ65c0kDLyJOy/pQ9Tupc4Re/qFfjslA74J99nAXcaY14EcoFjn\n20Uk4uzOh0VTIO8tqC7HdhiKGfNn8st7Mr5pHL3aNnG2S832a6ifUGe4G2NeA4YAycaYHcCvgHoA\n1tpngbnApcBGoBT4gb+GFREJKp5qWPchLHoWts7H1otjS+r3+OW2HK7OuJhru6SddqmhP3mzWuba\nOr5ugTt9NpGISLA7fhiWvwKLp8Hh7ZCYSvEFD3Lf1j7MWVtGn7QmZLVr6uqIrlX+ioiEnP0bnKP0\nFa9BZQmkDYKRv2F2WW/ue28t1Z5KHro8k5sHpRMdZVwdVeEuInI6Hg9s+pdzPn3jP51VLj2vhpzb\noNV5ADRet5feqU343fiepCbFuTywQ+EuInIq5cdg5WuwaCoc2ACNWsDQ+6HfD6hq2Iznv9pC5ZoN\n3DWsM0O6NueiLikY4+7Rem0KdxGR2g5thcXPwbJXoLwY2vSD8dMhcxzExFKw8wiTXviGVUXFXNar\nFdZajDFBFeygcBcRAWudtecLn4V1cyEq2gnznDsgtT8A5VXV/PWTdUz5YhNN4urxt+v7MrpHy6AL\n9RMU7iISuSqPw6q3nFMve/KhYRJc+Avo/yNo3Po/Nt26v5Rnv9zE2N6tefCyTJrGx7o0tHcU7iIS\neY7shCXTIfcFOH4QWvSAsX+FnldBvYbfblZSXsWnBXv4Xp82dG2ZwGe/GEJas+C4YFoXhbuIRAZr\nYccSWDgF1sx2bkDKuAxybof0C+Ck0yvzN+zj3lmrKDp8nB5tGtOpeULIBDso3EUk3FVVQMG7Tqjv\nXAb1E51Az/4xNE3/r82LSyt5bG4Bb+buoENyPG9MHEin5gmBn/scKdxFJDwd2/fvAq9ju6FZJ7j0\nj3DetVC/0Sl/SbXHcuWz37Blfwk/GdKRnw7vTIN60QEe3DcU7iISXnatdFa95M90OtM7jYCcZ6Dj\nMIg6dcv5wZIKmjSsR3SU4e5LutKmSUN6tEkM8OC+pXAXkdBXXQXr5jihvv0bqBcPfW+C7Nsgpct3\n/jJrLbOWFfHIBwVMGpXBdTlpXNK9ZQAH9x+Fu4iErtKDNQVez0FxITRJg5GPQZ8boGGT0/7SHYdK\nue+dfOat30e/dk3Jbp8UoKEDQ+EuIqFn71qnwCvvDagsdR58Mepx6DrauQGpDu8s38ED7+RjgV+P\n7c6NA9oR5XLRl68p3EUkNHg8sPFTZ9XL5s+dB0z3usYp8GrZ84y+VVJ8ffqlJ/HbK3rQtmnoLG88\nEwp3EQlu5Udh+T9g8VQ4uBkSWsGwB6HfDyC+mVfforLaw3PzN1NVbfnp8M5c1CWFwZ2Tg7Y6wBcU\n7iISnA5uhkXTYPnfoeIotO3vtDJmjoPoel5/m/yiYia9ncfqnUcYc17roC368jWFu4gED2thy5fO\nqpf1Hznnz7tf4RR4te13Rt+qrLKav3y2ganzNtM0LpZnb+jLqB6t/DR48FG4i4j7Kkqdi6OLpsK+\nNRCXDIPvhqwfQuOzC+RtB0p5bv5mxvdpwwOXZZIY5/3RfjhQuIuIe4p31HSnvwTHDzkXRsf9DXpc\nCfUanPG3Kymv4uPVuxnfty1dWybwr/8dEjRPRgo0hbuIBJa1ULiopsDrfcBCxuUw4A5IG/hfBV7e\n+nL9Pu6btYqdxcfp1TaRTs0TIjbYQeEuIoFSVQ75s5z16btWQINEGHinU+DVJO2sv+2hkgoenVPA\nrGVFdEyJ563bQrPoy9cU7iLiX0f3QO4M55+SvZDcFS57Cs6bALHx5/StTxR9bTtQyl1DO3HXsE4h\nW/Tlawp3EfGPomXOUXr+LPBUQudLYMDt0GHoWZ96OeHAsXKaxsUSHWWYPCqDNk0b0r11aBd9+ZrC\nXUR8p7rSOY++6FnnvHpsI2fFS85t0KzjOX97ay1vLd3Bbz4oYNLoDK7PacfIMCn68jWFu4icu9KD\nsPRF59F1R4qch2Bc8jvoc71zbt0HCg+Wct87q5i/YT/Z6UkM7ODd3amRSuEuImdvTwEsmgJ5b0JV\nGbS/CC57EjqP9KrAy1uzlu3ggXfzMcCj3+vB9dlpYVf05WsKdxE5M55qWP+xE+pb5kFMA+j1fefR\ndS0y/fKWyY3qk90+iceu6EmbJg3r/gWicBcRL5UV/7vA69BWaNwGRjwMfW+GON92oVdWe5j65Saq\nPfCzEZ0Z3CWFwV1SfPoe4U7hLiKnt3+jE+grXoWKY5A6wAn1jDEQ7fsIyS8q5u6ZeazZdYRxvf9d\n9CVnxqufjDFmFPBnIBqYbq19/KSvpwEvAU1qtplsrZ3r41lFJFCshU3/cla9bPgEouo5lQADbofW\nffzylmWV1fzpnxt4bv5mkuJjmXpjv7B55J0b6gx3Y0w08AxwMbADWGKMmW2tLai12QPAm9baKcaY\nTGAukO6HeUXEnypKYOXrToHX/nUQ3xyG3Ot0pye08Otbbz9YyvNfbeaqvm2579JuEVf05WveHLln\nAxuttZsBjDGvA+OA2uFugcY1HycCO305pIj42eHtsHgaLHvZObfeqjdcMdWp242p77e3PVpWyUf5\nu7k6K5UuLRL4/JdDwvbJSIHmTbi3AQprvd4B5Jy0zcPAJ8aY/wHigRE+mU5E/Mda2PaNs+pl7RzA\nQLcxToFXas4530Val8/X7uX+d1ax+0gZfdKa0Kl5goLdh3x1NeRa4EVr7ZPGmIHAK8aYHtZaT+2N\njDETgYkAaWlnXxQkIuegsgzyZzrn03evgoZN4fyfQf8fQWJbv7/9wZIKHv2ggHeWF9G5eSNm3jFI\nRV9+4E24FwGptV63rflcbbcCowCstQuMMQ2AZGBv7Y2stdOAaQBZWVn2LGcWkbNxZBfkPg+5L0Dp\nfkjpBmP+DD2vgdjAHDFXeyxXTfmG7QdL+enwztw5tCP1Y1T05Q/ehPsSoLMxpj1OqE8Arjtpm+3A\ncOBFY0w3oAGwz5eDishZ2rHUOfWy+h3nBqQuo5xVL+0v8vuplxP2HS2nWbxT9HXfpd1o07Qh3Vo1\nrvsXylmrM9yttVXGmLuAj3GWOc6w1q42xjwC5FprZwP/CzxnjPk5zsXVW6y1OjIXcUt1JRS85zwQ\noygXYhMge6LTnZ7UIWBjWGt5M7eQ38xZw6RRGdwwoB0jMv276kYcXp1zr1mzPvekzz1U6+MC4Hzf\njiYiZ6xkPyx9AZY8D0d3QVJHGP0E9L4O6gf2vPb2A6VMnpXHN5sOkNM+iQs6JQf0/SOd7lAVCQe7\n82sKvN6C6nLoOAzG/AU6jYCoqICPM3PpDh58N5/oKMNjV/Tg2v4q+go0hbtIqPJUw7q5sPBZ2PYV\n1ItzKnazb4PmGa6O1qJxfQZ1bMZvruhBq0QVfblB4S4Sao4fhuWvODcdHd4Oialw8SPQ9yZnWaML\nKqo8TPliEx5r+fnFXbiwcwoXdlbRl5sU7iKhYt96Z236ytegshTanQ8jH4Oul/qlwMtbKwsPc8/M\nPNbtOcr4Pm1U9BUkFO4iwczjgU2fOateNn0G0bHQ82rnsXWtznN1tOMV1Tz16Tqe/2oLzRMaMP2m\nLK2ECSIKd5FgVH7MqdhdPBUObIRGLWDo/U6BV6PgON1ReKiUl77ZxoTsNCaPzqBxAxV9BROFu0gw\nObgFFj/nnFMvPwJt+sH46ZA5DmJi3Z6OIzVFX9fUFH19cfcQWuvJSEFJ4S7iNmth63xn1cu6uc6z\nRzPHQc4dkNrf7em+9a+1e7hvVj57j5bRN60pnZo3UrAHMYW7iFsqj8Oqt5zu9D35ENcMLvxf6H8r\nNG7t9nTfOnCsnEc+KOC9FTvp2iKBZ2/sR6fmjdweS+qgcBcJtOIiWDIdlr4Ixw9Cix4w9q/Q8yqo\nF1xHwtUey9XPLqDwUCk/H9GFO4Z0JDYm8DdFyZlTuIsEgrWwY4mz6qXgPbAeyLgMcm6H9AsCVuDl\nrb1Hy0iOr090lOH+y7rRtmkcXVuqljeUKNxF/KmqAgredUJ95zKon+g8DCP7x9A03e3p/ovHY3lt\nyXZ+N3ctk0ZncOOAdgzvpuWNoUjhLuIPx/Y6vem5z8OxPdCsM1z6RzjvWqgfnOert+4vYfKsPBZu\nPsigjs24SHeYhjSFu4gv7VrprHrJnwnVFU5xV87fnCIvFwq8vPVmbiEPvptPbHQUj4/vyff7p+ou\n0xCncBc5V9VVsPYDpxpg+wKoF+/0vGTfBild3J7OK22aNGRwlxQeHdeDlokN3B5HfEDhLnK2Sg/C\nspedlS/FhdAkzel66XMDNGzi9nSnVV5Vzd8+34S1ll+M7Mr5nZI5X33rYUXhLnKm9q6tKfB6HaqO\nQ/qFMOpx6DrauQEpyC3ffohJb+exfs8xruzbVkVfYUrhLuINjwc2fOI8EGPzFxBdH3pd4yxlbNnD\n7em8UlpRxZOfrGfG11to2bgBM27JYliGVsKEK4W7yOmUHfl3gdfBzZDQCoY96BR4xTdze7ozUnTo\nOK8s3Mb1OWlMGpVBgoq+wprCXeRUDm6GRdNg+d+h4ii0zXZaGTPHQXTohGLx8Uo+XLWLCdlpdG6R\nwJd3D9GTkSKEwl3kBGudUy6LnoX1H0NUDHS/Agbc7rQzhphPVu/mgXfzOVBSQVZ6Ep2aN1KwRxCF\nu0hFKeS94RR47VsDcckw+G6nwCuhpdvTnbH9x8p5ePZqPsjbRUbLBKbfnKWirwikcJfIdbgQljwH\nS1+CssPQsieM+xv0uBLqheZa72qP5aop37DzcBm/HNmF2y7qSL3o4L15SvxH4S6RxVrYvtBZ9bLm\nA8BCxuVO30vawKAr8PLWniNlpDRyir5+NaY7bZs2pHMLFX1FMoW7RIaqcsh/2zmfvmslNEiEgXc6\nBV5N0tye7qx5PJZ/LN7O7z9cy6RRXblxYDpDM5q7PZYEAYW7hLeje5zyrtwZULIPkrvC5U9Dr+9D\nbLzb052TzfuOMXnWKhZvOcgFnZIZ0lWhLv+mcJfwVLTMOUrPnwWeSuh8ibPqpcPQkD31UtsbS7bz\n0HurqR8TxRNX9eLqfm11l6n8B4W7hI/qSljzvhPqhYsgthFk/RByboNmHd2ezqfaNo1jSFen6Kt5\n49C8+Cv+pXCX0Fd6EJa+AEuehyNF0LS90/XS+3po0Njt6XyivKqa//tsIwC/vERFX1I3hbuErj2r\nnaP0vDehqgzaXwSXPQmdR4ZEgZe3lm47yD0z89i0r4RrslT0Jd5RuEto8VQ7d48umgJb5kFMA+fi\naM7t0CLT7el8qqS8ij98vI6XFmyldWJDXvphNhd10dORxDtehbsxZhTwZyAamG6tffwU21wDPAxY\nYKW19jofzimRrqzY6XlZPA0ObYXGbWHEw9D3ZohLcnk4/9h5+DivLt7OTQPacfeoDBrV17GYeK/O\n3y3GmGjgGeBiYAewxBgz21pbUGubzsC9wPnW2kPGGK3JEt/Yv9FpZFzxKlQcg9QBTqhnjIHo8Au7\n4tJK5qzaxXU5TtHX/HuG0kIXTOUsePOnIxvYaK3dDGCMeR0YBxTU2ubHwDPW2kMA1tq9vh5UIoi1\nsOkz51mkGz+FqHpOJcCA26F1H7en85uP8nfz4Hv5HCypIKdDEh1TGinY5ax5E+5tgMJar3cAOSdt\n0wXAGPM1zqmbh621H538jYwxE4GJAGlpoXtXoPhJRQmsfM0p8Nq/HuKbw5B7ne70hPB9qMTeo2U8\nPHs1c1ftJrNVY164pT8dU1T0JefGV3+vjQE6A0OAtsA8Y0xPa+3h2htZa6cB0wCysrKsj95bQt2h\nbU6B17KXnXPrrXrDFVOdut2Y+m5P51fVHss1zy5gZ3EZd1/SlYmDO6joS3zCm3AvAlJrvW5b87na\ndgCLrLWVwBZjzHqcsF/ikykl/FgL276GhVNg3VzAQOZYyLkDUrPD4i7S09lVfJwWCQ2coq+x3Ult\nGqdaXvEpb8J9CdDZGNMeJ9QnACevhHkXuBZ4wRiTjHOaZrMvB5UwUVkG+TOd8+l7VkHDpnD+z6D/\njyCxrdvT+Z3HY3l5wVae+Hgdk0dncNPAdIaqE0b8oM5wt9ZWGWPuAj7GOZ8+w1q72hjzCJBrrZ1d\n87WRxpgCoBq421p7wJ+DS4g5squmwOsFKN0PKd1gzJ+h5zUQG+f2dAGxce8xJr+dR+62QwzuksIw\ntTeKHxlr3Tn1nZWVZXNzc115bwmgHbnOqZeCd50bkLqOdm44aj847E+91Pb64u08NHs1DetF89Dl\nmYzv20Z3mcpZMcYstdZm1bVd+C0UFvdVV0LBe06oF+VC/caQPdHpTk/q4PZ0rkhrFseIbs359dge\npCSE90ViCQ4Kd/Gdkv3OaZfc5+HoLkjqCKOfgN7XQf3IeipQWWU1f/lsAwD3jMpgUMdkBnVU0ZcE\njsJdzt3uVc4F0lVvQXU5dBwGY/4CnUZAVOQt68vdepB73s5j874SJvRPVdGXuELhLmfHUw1r5zg3\nHG37CurFQZ/rIfs2aJ7h9nSuOFZexR8+WsvLC7fRpklDXv5hNoNV9CUuUbjLmTl+CJa9Aoufg+Lt\nkJgGFz8KfW90ljVGsN3Fx3l9SSE3D0zn7ku6Eq+iL3GRfveJd/atd7rTV74GlaXQ7ny45DHoemlY\nFnh561BJBR+s2sWNA9rRqblT9KUnI0kwiNw/lVI3j6emwGuK8+/oWOh5tfPYulbnuT2dq6y1fJi/\nm4fey+dwaSWDOjajY0ojBbsEDYW7/Lfyo7DiNadq98BGaNQShj4A/W6BRjqHvPdIGQ++l8/Hq/fQ\ns00iL/8wR0VfEnQU7vJvB7c459KXvwLlR6BNPxg/HTLHQUys29MFhWqP5eqpC9hdXMa9ozO49YL2\nxKjoS4KQwj3SWQtb5ztLGdfNdZ49mjmupsCrv9vTBY2dh4/TsrFT9PXIuB6kNm1IBx2tSxBTuEeq\nyuPOg6UXTYW9qyGuGVz4v9D/Vmjc2u3pgkb1iaKvj9Zx76VO0ZeeYyqhQOEeaYqLYMl0WPoiHD8I\nLXrA2L9Cz6ugXkO3pwsqG/ce5Z6ZeSzbfpghXVMY3i18Hxgi4UfhHgmshcLFsGgKFMwGrLOEMed2\nSL8gogq8vPXqou08PHs18fWjefr75/G93ir6ktCicA9nVRWw+h0n1Hcuh/qJMOAOp8Crabrb0wW1\n9OQ4RnZvwcNju5PcSEVfEnoU7uHo2N5/F3gd2wPNOsOlf4TzroX6ugh4KmWV1Tz9z/UYDJNHq+hL\nQp/CPZzsXOHcRZr/NlRXQKeLnVMvHYdFZIGXtxZtPsDkWavYsr+E63PSVPQlYUHhHuqqq2DtB06o\nb18A9eKh783OXaTJnd2eLqgdLavk9x+t5e8Lt5OWFMerP8phUCcdrUt4ULiHqtKDsOxlZ+VLcSE0\nSYORj0GfG6BhE7enCwl7jpQzc+kOfnRBe34xsgtxsfrjIOFDv5tDzd41NQVeb0DVcUi/EEY97jy+\nLira7emC3sGSCubk7eTGgel0at6I+fcM05ORJCwp3EOBxwMbPnFWvWz+AmIa1BR43Q4te7g9XUiw\n1vJB3i4enr2aI2WVnN8pmQ4pjRTsErYU7sGs7Ais+IdzF+mhLZDQGoY9CP1+APHN3J4uZOw5Usb9\n7+TzzzV76NU2kX9claPqAAl7CvdgdGATLJ4Gy/8BFUehbTYMfxC6jYXoem5PF1KqPZZraoq+7r+0\nGz84P11FXxIRFO7BwlrY/LlzlL7+Y4iKge5XwIDbnXZGOSM7DpXSKrEh0VGGR8f1IC0pjvTkeLfH\nEgkYhbvbKkoh73Un1PethbhkGHy3U+CV0NLt6UJOtcfywtdb+OMn67h3dDduHpSu55hKRFK4u+Vw\nISx5Dpa+BGWHoWUv+N4U6D4e6ulpPmdj3e6j3PN2HisLDzM8ozkju6voSyKXwj2QrHVuNFr0LKz5\nALCQcbnT95I2UAVe5+DvC7fx6/dXk9CgHn+e0Jux57XWXaYS0RTugVBV7lQCLJwCu/OgQSIMvNMp\n8GqS5vZ0Ie1EVUCn5o24tGcrHro8k2Yq+hJRuPvV0T1OeVfuDCjZBykZcPnT0Ov7EKuLe+fieEU1\nT326jqgow72juzGgQzMGdNDyUJETFO7+ULSspsBrFngqofMlzqqXDkN16sUHFmw6wORZeWw7UMqN\nA9qp6EvkFBTuvlJdCWtmO88i3bEYYhs5K16yJ0Kzjm5PFxaOlFXyu7lreW3xdto1i+PVH+eollfk\nO3gV7saYUcCfgWhgurX28e/Y7kpgJtDfWpvrsymDWckBWPYiLJ4OR3dC0/ZO10vv66FBY7enCyt7\nj5Tz7vIiJg7uwM9HdKFhrLp0RL5LneFujIkGngEuBnYAS4wxs621BSdtlwD8DFjkj0GDzp7VzgXS\nVW9BVRm0vwgufwo6j1SBlw8dOFbO+yt3csv57enUvBFfTRqqC6YiXvDmyD0b2Git3QxgjHkdGAcU\nnLTdo8Dvgbt9OmEw8VTD+o+cUN86H2IawnkTnAKv5t3cni6sWGuZvXInD89ezbHyKgZ3SaFDSiMF\nu4iXvAn3NkBhrdc7gJzaGxhj+gKp1to5xpjwC/eyYlj+d6fv5dBWaNwWRjzsPBQjLsnl4cLPzsPH\neeDdfP61di+9U5vwxFW9VPQlcobO+YKqMSYKeAq4xYttJwITAdLSQmB99/6NzqqXFa9CZQmkDnBC\nPWMMROtatD9UVXuYMG0h+46W8+DlmdwyKJ3oKK2EETlT3iRUEZBa63Xbms+dkAD0AL6oWY7WEpht\njBl78kVVa+00YBpAVlaWPYe5/cda2PSZs+pl46cQHQs9rnQeW9e6j9vTha3Cg6W0btKQmOgofntF\nT9KS4khrFuf2WCIhy5twXwJ0Nsa0xwn1CcB1J75orS0Gvl2PZoz5AvhlyK2WqSiBla85BV7710N8\ncxhyL2T9EBo1d3u6sFVV7WHG11t48pP13Ds6g1vOb88FnbW8UeRc1Rnu1toqY8xdwMc4SyFnWGtX\nG2MeAXKttbP9PaRfHdpW053+inNuvVVvuGKqU7cbo4t3/rRm1xEmvZ1H3o5iLs5sweierdweSSRs\neHXi2Fo7F5h70uce+o5th5z7WH5mLWz72ln1sm4uYCBzLOTcAanZuos0AF5ZsJVfv19AYsN6/PW6\nPlzWs5XuMhXxoci6KlhZ5qxLXzQV9qyChk3h/J9B/x9BYlu3p4sIJ6oCurRIYMx5rXnw8kyS4mPd\nHksk7ERGuB/ZBUumw9IXoPQANM+EMX9xHjIdq4t2gVBaUcUfP15PTLThvku7kdOhGTkq+hLxm/AO\n98IlzlLGgnedG5C6jnZuOGo/WKdeAujrjfuZPCuPwoPHuWVQuoq+RAIg/MK9qgIK3oNFU6BoKdRv\n7JR3Zf8Ykjq4PV1EKT5eyW/nrOGN3ELaJ8fz5m0DyW6vm75EAiF8wr1kP+S+4Jx+ObYbkjrC6D9A\n72uhfoLb00Wk/cfKeT9vJ7df1JH/N6IzDeqpc0ckUEI/3HflORdIV70F1eXQcRiM/T/oNAKiotye\nLuLsO+oUff3wgvZ0TGnEV5OG6YKpiAtCL9wLF8OWeYBx7iTd9jXUi4M+1zvn01O6uj1hRLLW8u6K\nIn79fgGl5dUMzWhO++R4BbuIS0Ir3AsXw4uXO0foAPEt4OJHoe+NzrJGcUXR4ePc/84qvli3j75p\nTtFX+2Q9RlDETaEV7lvnQ3VFzYso5yLp+T91daRI5xR9LeDAsQoeHpPJjQNV9CUSDEIr3NMvdB6E\n4amCmFjocJHbE0Ws7QdKadPUKfp6fHwv0pLiSE3SPQMiwSK0rjimZkO/W5yPr3vTeS0BVVXtYcoX\nmxjx9Je8vGArAOd3SlawiwSZ0DpyB2hS0wPfNsvdOSLQ6p3FTHo7j/yiI1zSvQWXqehLJGiFXriL\nK176ZiuPflBAk7hYplzfVw2OIkFO4S6ndaIqIKNlAuN6t+HBy7vRJE7LG0WCncJdTqmkvIo/fLyO\netGG+y/LVNGXSIgJrQuqEhDz1u9j5NPzeGnBViqrLdYG5xMRReS76chdvlVcWsmjcwqYuXQHHVKc\noq/+6Sr6EglFCnf51v6Scj5ctYufDOnIT4er6EsklCncI9zeo2XMXrGTH13Y4duir6bqgxEJeQr3\nCGWt5e1lRTz6QQHHK6sZ3q0F7ZPjFewiYULhHoEKD5Zy3zurmL9hP1ntmvL4lSr6Egk3CvcIU1Xt\n4drnFnKopIJHx3Xn+px2RKnoSyTsKNwjxNb9JaQmxRETHcUTVzlFX22bqg9GJFxpnXuYq6z28Mzn\nGxn59Lxvi74GdUxWsIuEOR2KP8GWAAALOUlEQVS5h7H8omLumZlHwa4jXNazFZf3au32SCISIAr3\nMPXC11v4zZw1JMXH8uwN/RjVo6XbI4lIACncw8yJoq/urRMZ36cND1yWSWJcPbfHEpEAU7iHiWPl\nVTzx0Vpio6N44PJMstsnkd1e1QEikUoXVMPAF+v2csnT83hl4TYsqOhLRHTkHsoOlVTw6JwCZi0r\nolPzRsy8fRD92jV1eywRCQIK9xB2qLSCT1bv4afDOnHnsE7Uj1HRl4g4vDotY4wZZYxZZ4zZaIyZ\nfIqv/8IYU2CMyTPGfGaMaef7UQVg75Eyps3bhLWWDimN+HrSMH4xsquCXUT+Q53hboyJBp4BRgOZ\nwLXGmMyTNlsOZFlrewEzgSd8PWiks9by5pJChj/1JU9+sp6tB0oBtBJGRE7Jm9My2cBGa+1mAGPM\n68A4oODEBtbaz2ttvxC4wZdDRrrCg6XcO2sVX23cT3b7JB4f31NFXyJyWt6EexugsNbrHUDOaba/\nFfjwVF8wxkwEJgKkpaV5OWJkO1H0dbi0kt98rwfXZaep6EtE6uTTC6rGmBuALOCiU33dWjsNmAaQ\nlZWl9XqnsWV/CWk1RV9/uOo82jWLo3WThm6PJSIhwpsLqkVAaq3XbWs+9x+MMSOA+4Gx1tpy34wX\neSqrPfzfZxu45Ol5vPTNVgAGdmymYBeRM+LNkfsSoLMxpj1OqE8Arqu9gTGmDzAVGGWt3evzKSNE\n3o7D3DMzj7W7jzLmvNaM7a2iLxE5O3WGu7W2yhhzF/AxEA3MsNauNsY8AuRaa2cDfwAaAW8ZYwC2\nW2vH+nHusDPjqy38Zk4BKQn1ee6mLC7ObOH2SCISwrw6526tnQvMPelzD9X6eISP54oYJ4q+erVN\n5Pv9U5k8uhuJDbW8UUTOje5QdcnRskoe/3At9WOieWhMJlnpSWSlq+hLRHxDxWEu+HztXkY+PY/X\nFm8nJtqo6EtEfE5H7gF0sKSCR95fzbsrdtKlRSP+dv0g+qSp6EtEfE/hHkDFxyv5bM1efja8M3cO\n7URsjP7iJCL+oXD3s93FZby7oojbBnegfXI8X00epgumIuJ3Cnc/sdby+pJCfjtnDZUeD6O6tyQ9\nOV7BLiIBoXD3g20HSpj89ioWbD7AgA5JPD6+F+kq+hKRAFK4+1hVtYfrnltE8fFKfntFTyb0T1XR\nl4gEnMLdRzbtO0a7mqKvJ69xir5aJaoPRkTcoeUa56iiysOf/rmeUX+ax8sLtgEwoEMzBbuIuEpH\n7udgReFhJs3MY92eo4zr3Zrv9Wnj9kgiIoDC/aw9/9UWHptTQPOEBjx/cxbDu6noS0SCh8L9DJ0o\n+uqdmsiE7DQmj86gcQMtbxSR4KJw99KRskp+N3ctDepF8asx3enXLol+7VT0JSLBSRdUvfDPgj1c\n/NSXvLFkO7ExUSr6EpGgpyP30zhwrJxfv1/A7JU7yWiZwLQbszgvtYnbY4mI1EnhfhpHy6r4fN1e\nfj6iC3cM6aiiLxEJGQr3k+w8fJx3lhfxkyEdSU+O5+vJw3TBVERCjsK9hsdjeXXxdh7/cC3VHstl\nPVuRnhyvYBeRkKRwB7bsL2Hy23ks2nKQ8zs143dX9CKtWZzbY4mInLWID/eqag83TF/EkbJKnriy\nF1dntcUYFX2JSGiL2HDfuPco6c3iiYmO4unv96ZdszhaNG7g9lgiIj4Rccs/yquqeerT9Yz603xe\nqin6ym6fpGAXkbASUUfuy7YfYtLMPDbsPcb4Pm0Yr6IvEQlTERPuz83bzG8/XEOrxg144Qf9Gdq1\nudsjiYj4TdiHu8djiYoy9G3XhOtz0pg0KoMELW8UkTAXtuFefLySx+YU0LBeNL8e10NFXyISUcLy\ngurHq3dz8VNf8vayIuLrx6joS0QiTlgdue8/Vs6v3lvNnFW7yGzVmBm39KdHm0S3xxIRCbiwCvdj\nZVXM37CPuy/pysTBHagXHZZ/MRERqZNX6WeMGWWMWWeM2WiMmXyKr9c3xrxR8/VFxph0Xw/6XYoO\nH+ev/9qAtZb05Hi+uXc4dw7tpGAXkYhWZwIaY6KBZ4DRQCZwrTEm86TNbgUOWWs7AU8Dv/f1oCfz\neCyvLNjKyKe+5JnPN7HtQCkAjeqH1V9GRETOijeHt9nARmvtZmttBfA6MO6kbcYBL9V8PBMYbvxV\n0HJ4OwCPTn2FB99bTd92Tfnk54NJT473y9uJiIQibw5z2wCFtV7vAHK+axtrbZUxphhoBuz3xZDf\nKlyMXfoiBph06CEuGD6DYSOyVfQlInKSgJ6YNsZMNMbkGmNy9+3bd+bfYOt8jMcDQH1TzfAG6xXs\nIiKn4E24FwGptV63rfncKbcxxsQAicCBk7+RtXaatTbLWpuVkpJy5tOmXwgx9cFEY6JjndciIvJf\nvDktswTobIxpjxPiE4DrTtpmNnAzsAC4CviX9cedQ6nZcPNs2DrfCfbUbJ+/hYhIOKgz3GvOod8F\nfAxEAzOstauNMY8Audba2cDzwCvGmI3AQZz/AfhHarZCXUSkDl6tG7TWzgXmnvS5h2p9XAZc7dvR\nRETkbOlOHxGRMKRwFxEJQwp3EZEwpHAXEQlDCncRkTBk3HqQhTFmH7DtLH95Mr6uNgh+2ufIoH2O\nDOeyz+2stXXeBepauJ8LY0yutTbL7TkCSfscGbTPkSEQ+6zTMiIiYUjhLiIShkI13Ke5PYALtM+R\nQfscGfy+zyF5zl1ERE4vVI/cRUTkNII63IP5wdz+4sU+/8IYU2CMyTPGfGaMaefGnL5U1z7X2u5K\nY4w1xoT8ygpv9tkYc03Nz3q1MebVQM/oa1783k4zxnxujFle8/v7Ujfm9BVjzAxjzF5jTP53fN0Y\nY/5S898jzxjT16cDWGuD8h+ceuFNQAcgFlgJZJ60zU+AZ2s+ngC84fbcAdjnoUBczcd3RMI+12yX\nAMwDFgJZbs8dgJ9zZ2A50LTmdXO35w7APk8D7qj5OBPY6vbc57jPg4G+QP53fP1S4EPAAAOARb58\n/2A+cg+uB3MHRp37bK393FpbWvNyIc6TsUKZNz9ngEeB3wNlgRzOT7zZ5x8Dz1hrDwFYa/cGeEZf\n82afLdC45uNEYGcA5/M5a+08nOdbfJdxwMvWsRBoYoxp5av3D+ZwP9WDudt81zbW2irgxIO5Q5U3\n+1zbrTj/5w9lde5zzV9XU621cwI5mB9583PuAnQxxnxtjFlojBkVsOn8w5t9fhi4wRizA+f5Ef8T\nmNFcc6Z/3s+IVw/rkOBjjLkByAIucnsWfzLGRAFPAbe4PEqgxeCcmhmC87ezecaYntbaw65O5V/X\nAi9aa580xgzEebpbD2utx+3BQlEwH7n77MHcIcSbfcYYMwK4HxhrrS0P0Gz+Utc+JwA9gC+MMVtx\nzk3ODvGLqt78nHcAs621ldbaLcB6nLAPVd7s863AmwDW2gVAA5wOlnDl1Z/3sxXM4f7tg7mNMbE4\nF0xnn7TNiQdzgz8fzB04de6zMaYPMBUn2EP9PCzUsc/W2mJrbbK1Nt1am45znWGstTbXnXF9wpvf\n2+/iHLVjjEnGOU2zOZBD+pg3+7wdGA5gjOmGE+77AjplYM0GbqpZNTMAKLbW7vLZd3f7inIdV5sv\nxTli2QTcX/O5R3D+cIPzw38L2AgsBjq4PXMA9vmfwB5gRc0/s92e2d/7fNK2XxDiq2W8/DkbnNNR\nBcAqYILbMwdgnzOBr3FW0qwARro98znu72vALqAS529itwK3A7fX+hk/U/PfY5Wvf1/rDlURkTAU\nzKdlRETkLCncRUTCkMJdRCQMKdxFRMKQwl1EJAwp3EVEwpDCXUQkDCncRUTC0P8HomNAUtz9hUsA\nAAAASUVORK5CYII=\n",
            "text/plain": [
              "<Figure size 432x288 with 1 Axes>"
            ]
          },
          "metadata": {
            "tags": []
          }
        }
      ]
    },
    {
      "cell_type": "markdown",
      "metadata": {
        "id": "yl5lQTau7o44",
        "colab_type": "text"
      },
      "source": [
        "Lets look into Precision and Recall curves now.. "
      ]
    },
    {
      "cell_type": "code",
      "metadata": {
        "id": "GDnxIFgArUWG",
        "colab_type": "code",
        "colab": {
          "base_uri": "https://localhost:8080/",
          "height": 941
        },
        "outputId": "60291d0d-6c9d-4e74-926b-49d16b4767a2"
      },
      "source": [
        "\n",
        "from sklearn.datasets import make_classification\n",
        "from sklearn.neighbors import KNeighborsClassifier\n",
        "from sklearn.model_selection import train_test_split\n",
        "from sklearn.metrics import precision_recall_curve\n",
        "from sklearn.metrics import f1_score\n",
        "from sklearn.metrics import auc\n",
        "from sklearn.metrics import average_precision_score\n",
        "from matplotlib import pyplot\n",
        "\n",
        "\n",
        "# generate 2 class dataset\n",
        "X, y = make_classification(n_samples=100, n_classes=2, weights=[1,1], random_state=1)\n",
        "# split into train/test sets\n",
        "trainX, testX, trainy, testy = train_test_split(X, y, test_size=0.5, random_state=2)\n",
        "\n",
        "# fit a model\n",
        "model = KNeighborsClassifier(n_neighbors=3)\n",
        "model.fit(trainX, trainy)\n",
        "# predict probabilities\n",
        "probs = model.predict_proba(testX)\n",
        "print(probs)\n",
        "# keep probabilities for the positive outcome only\n",
        "probs = probs[:, 1]\n",
        "# predict class values\n",
        "yhat = model.predict(testX)\n",
        "print(yhat)\n"
      ],
      "execution_count": 7,
      "outputs": [
        {
          "output_type": "stream",
          "text": [
            "[[0.33333333 0.66666667]\n",
            " [0.         1.        ]\n",
            " [1.         0.        ]\n",
            " [0.66666667 0.33333333]\n",
            " [0.         1.        ]\n",
            " [0.33333333 0.66666667]\n",
            " [0.33333333 0.66666667]\n",
            " [0.         1.        ]\n",
            " [0.33333333 0.66666667]\n",
            " [1.         0.        ]\n",
            " [1.         0.        ]\n",
            " [1.         0.        ]\n",
            " [0.66666667 0.33333333]\n",
            " [0.         1.        ]\n",
            " [1.         0.        ]\n",
            " [0.66666667 0.33333333]\n",
            " [1.         0.        ]\n",
            " [1.         0.        ]\n",
            " [0.         1.        ]\n",
            " [0.33333333 0.66666667]\n",
            " [0.         1.        ]\n",
            " [0.33333333 0.66666667]\n",
            " [0.         1.        ]\n",
            " [0.         1.        ]\n",
            " [1.         0.        ]\n",
            " [0.66666667 0.33333333]\n",
            " [0.33333333 0.66666667]\n",
            " [0.66666667 0.33333333]\n",
            " [1.         0.        ]\n",
            " [0.33333333 0.66666667]\n",
            " [0.         1.        ]\n",
            " [0.66666667 0.33333333]\n",
            " [0.66666667 0.33333333]\n",
            " [1.         0.        ]\n",
            " [0.         1.        ]\n",
            " [0.33333333 0.66666667]\n",
            " [0.         1.        ]\n",
            " [0.66666667 0.33333333]\n",
            " [0.33333333 0.66666667]\n",
            " [0.33333333 0.66666667]\n",
            " [1.         0.        ]\n",
            " [1.         0.        ]\n",
            " [0.         1.        ]\n",
            " [0.66666667 0.33333333]\n",
            " [1.         0.        ]\n",
            " [0.33333333 0.66666667]\n",
            " [1.         0.        ]\n",
            " [0.         1.        ]\n",
            " [0.         1.        ]\n",
            " [0.66666667 0.33333333]]\n",
            "[1 1 0 0 1 1 1 1 1 0 0 0 0 1 0 0 0 0 1 1 1 1 1 1 0 0 1 0 0 1 1 0 0 0 1 1 1\n",
            " 0 1 1 0 0 1 0 0 1 0 1 1 0]\n"
          ],
          "name": "stdout"
        }
      ]
    },
    {
      "cell_type": "code",
      "metadata": {
        "id": "zOC2MFdX8a3g",
        "colab_type": "code",
        "outputId": "f97c93e7-fa73-4c96-e9a6-de16f144e360",
        "colab": {
          "base_uri": "https://localhost:8080/",
          "height": 287
        }
      },
      "source": [
        "# calculate precision-recall curve\n",
        "precision, recall, thresholds = precision_recall_curve(testy, probs)\n",
        "\n",
        "\n",
        "# calculate F1 score\n",
        "#sklearn.metrics.f1_score(y_true, y_pred...)\n",
        "f1 = f1_score(testy, yhat)\n",
        "\n",
        "\n",
        "# calculate precision-recall AUC\n",
        "auc = auc(recall, precision)\n",
        "# calculate average precision score\n",
        "ap = average_precision_score(testy, probs)\n",
        "print('f1=%.3f auc=%.3f ap=%.3f' % (f1, auc, ap))\n",
        "\n",
        "\n",
        "# plot no skill\n",
        "pyplot.plot([0, 1], [0.5, 0.5], linestyle='--')\n",
        "# plot the precision-recall curve for the model\n",
        "pyplot.plot(recall, precision, marker='.')\n",
        "# show the plot\n",
        "pyplot.show()"
      ],
      "execution_count": 8,
      "outputs": [
        {
          "output_type": "stream",
          "text": [
            "f1=0.833 auc=0.903 ap=0.849\n"
          ],
          "name": "stdout"
        },
        {
          "output_type": "display_data",
          "data": {
